000000000000000000000000000000
000000000000000000000000000000
000000000000000000000000000000
000000000000000000000000000000
000000000000000000000000000000
000000000000000000000000000000
000000000000000000000000000000
000000000000000000000000000000
000000000000000000000000000000
000000000000000000000000000000
000777777700000000000000000000
000777777700000000000000000000
000000000000000000000000000000
000000000066000000000000000000
000000000066000000000000000000
000000000066000000000000000000
000000000066000000000000000000
000000000000000000000000000000
000000000000000000000000000000
000000000000000000000000000000
